0.1393
2.1130
3.9706
5.7121
7.5233
9.3576
11.1456
11.8654
13.0032
14.8143
16.6487
18.4134
20.1781
22.0125
23.8469
25.6580
27.5156
29.4197
31.4166
33.1349
34.0637
34.9460
36.8036
37.8021
38.6844
40.5420
41.5173
42.3996
44.2572
45.1860
46.0916
47.8331
48.2743
48.6922
49.4817
50.3409
51.1768
51.5715
51.9895
52.8022
53.6381
54.4508
54.8455
55.2867
56.1226
56.9353
57.7945
58.2124
58.6072
59.0483
59.4431
59.8610
60.2558
60.6737
61.0685
61.8580
62.6939
63.5298
64.3193
64.7372
65.1552
65.4338
65.5499
65.9447
66.3394
66.7341
67.1289
67.5468
67.9416
68.3363
68.7311
69.1258
69.5438
69.9385
70.7280
71.1459
71.5407
71.9354
72.3534
72.7713
73.1429
73.5608
73.9556
74.3503
74.7218
75.1398
75.5345
76.3008
76.7187
77.1135
77.5314
77.9262
78.3441
78.7389
79.1104
79.5051
79.8999
80.3178
80.7358
81.1073
81.5253
81.9200
82.3380
82.7095
83.0810
83.4990
84.3117
84.6832
85.0779
85.6816
85.8674
86.2621
86.4479
87.0284
87.1909
87.4231
87.6089
87.7946
88.0036
88.1894
88.7699
88.9789
89.3504
89.5361
89.7451
90.1631
91.3241
91.8814
92.2529
92.4619
92.8566
93.6229
93.9944
94.3891
94.7839
94.9696
95.3644
95.5501
95.7127
95.9216
96.1074
96.4789
96.8737
97.0594
97.4309
98.2436
98.6151
98.8009
99.1956
99.4278
99.5904
99.7994
100.1709
100.5656
101.1461
101.5409
101.7498
101.9356
102.1214
102.5393
103.0966
103.5146
103.7003
104.2808
104.6523
104.8381
105.2096
105.4186
105.6276
105.8133
106.7886
106.9743
107.1833
107.5780
107.7638
107.9496
108.1353
108.3211
108.5301
108.7158
108.8784
109.1338
109.4821
109.6911
109.8768
110.2716
110.4573
110.6663
111.0610
111.2468
111.4326
111.8273
112.0131
112.2220
112.4078
112.5936
112.7793
113.0115
113.3830
113.5456
113.7546
114.1493
114.3583
114.5440
114.7298
114.9156
115.1013
115.2871
115.4496
115.6818
116.4481
116.6106
116.8196
117.2143
117.4465
117.6091
118.0038
118.1663
118.3521
118.5379
118.7468
118.9094
119.1184
119.4899
119.6756
119.8846
120.2794
120.4419
120.8366
121.0224
121.2082
121.4171
121.6029
121.8119
121.9744
122.1834
122.6014
122.7639
122.9729
123.3676
123.5534
123.7391
123.9481
124.1339
124.3196
124.5054
124.6912
124.9001
125.0859
125.2949
125.6896
125.8986
126.0844
126.4791
126.8738
127.0364
127.2454
127.6169
127.8026
127.9884
128.1741
128.4063
128.7779
128.9636
129.1726
129.5673
129.9621
130.1246
130.4961
130.8677
131.4714
131.8429
132.0287
132.2376
132.6092
133.0039
133.3986
133.5844
133.7702
133.9559
134.1417
134.3274
134.5364
134.9544
135.1169
135.3259
135.7206
135.9064
136.1154
136.3244
136.5101
136.6959
136.8816
137.0442
137.2532
137.4389
137.6479
138.0426
138.2284
138.4374
138.8089
138.9946
139.2036
139.3894
139.5984
139.9699
140.1556
140.3646
140.7594
141.1541
141.3399
141.5488
141.9204
142.1061
142.3151
142.4776
142.8724
143.0581
143.2439
143.4529
144.2424
144.4513
144.6603
145.0318
145.4498
145.8213
145.9839
146.1928
146.3786
146.5876
146.7733
146.9823
147.4003
147.6093
147.7950
148.1898
148.3755
148.5845
148.7702
148.9560
149.1418
149.3507
149.5365
149.7223
150.1170
150.5117
150.7207
150.9065
151.5102
151.7192
151.9049
152.1139
152.2997
152.4854
152.6712
152.8802
153.2749
153.6697
153.8554
154.0412
154.4359
154.6449
154.8307
155.0164
155.2254
155.4112
155.5969
155.7595
155.9684
156.1310
156.3400
156.7811
156.9437
157.1527
157.5706
157.7564
157.9654
158.1511
158.3369
158.5226
158.7316
159.1263
159.3121
159.5211
160.7750
161.1929
161.6109
162.0288
162.8415
163.6542
164.4669
164.9081
165.3261
165.7208
166.1388
166.5567
166.9747
167.7874
168.6233
169.0413
169.4360
169.8772
170.2951
171.1078
171.9438
172.3617
172.7565
173.1744
173.3602
173.5459
173.9407
174.3586
174.7534
174.9624
175.1713
175.5429
175.9376
176.1001
176.3323
176.5181
176.7271
177.1218
177.7023
177.9113
178.0971
178.3060
178.7008
179.2580
179.4670
179.6528
179.8618
180.2565
180.6512
181.0460
181.2317
181.4407
181.8355
182.3927
182.6249
182.7875
182.9965
183.3912
183.5770
183.9717
184.1807
184.3664
184.5754
184.9702
185.3649
185.5507
185.7596
185.9454
186.1544
186.5491
186.9439
187.3386
187.5476
187.7566
187.9423
188.3138
188.7086
188.8943
189.0569
189.2659
189.6374
189.8463
190.2643
190.4501
190.6358
190.8448
191.0306
191.2395
191.4253
191.6343
191.8200
192.0290
192.1916
192.4005
192.5863
192.7953
192.9810
193.1900
193.5848
193.7705
193.9563
194.1420
194.3510
194.5600
194.7458
194.9547
195.1405
195.3263
195.5120
195.7210
195.9068
196.3015
196.4873
196.6730
196.8820
197.0678
197.2535
197.4625
197.8340
198.0430
198.4377
198.6235
199.0182
199.2040
199.5987
199.9470
200.1560
200.3418
200.5275
200.8990
201.5028
201.9207
202.1065
202.5012
202.9192
203.1049
203.4532
203.6854
204.0802
204.4981
204.6375
204.8464
205.0554
205.2412
205.6127
206.1932
206.5879
206.7737
206.9595
207.1917
207.7722
207.9579
208.1437
208.3527
208.7242
208.9332
209.3047
209.5137
209.6994
209.9084
210.0709
210.2799
211.0462
211.4409
211.6267
212.3929
212.6019
212.7877
212.9966
213.3914
213.9487
214.1809
214.5292
214.7381
215.1329
215.3186
215.5044
215.6902
215.8991
216.0849
216.2707
216.4796
216.6654
216.8744
217.0601
217.2691
217.4549
217.6406
217.8264
218.0354
218.2211
218.4301
218.6159
218.8016
218.9874
219.1964
219.5911
219.7769
220.3574
220.7521
220.9379
221.1468
221.3326
221.5416
221.7273
221.9363
222.0989
222.3078
222.4936
222.7026
223.4688
223.8636
224.2815
224.4673
224.6531
225.0710
225.2568
225.4425
225.8373
226.6268
226.9983
227.7878
227.9967
228.1825
228.5540
229.5293
229.7150
229.9008
230.2723
230.6670
230.8760
231.0618
231.2707
231.4565
231.6655
231.8512
232.0370
232.4085
232.6175
232.8033
232.9890
233.1748
233.5463
233.7785
233.9875
234.1500
234.5448
234.7537
234.9395
235.1253
235.3342
235.7058
235.8915
236.2863
236.7042
236.8900
237.0990
237.4937
237.6795
237.8884
238.2832
239.0727
239.2352
239.4674
239.8621
240.0711
240.2569
240.6516
241.0463
241.8590
242.2306
242.4163
242.6253
242.8111
243.2058
243.4148
243.6005
243.8095
243.9953
244.2043
244.3668
244.5990
244.7848
244.9705
245.1563
245.3420
245.5510
245.7600
245.9225
246.1315
246.3405
246.5495
246.7352
246.9442
247.1300
247.5015
247.7105
247.9195
248.5000
248.8715
249.2894
249.4752
249.6842
249.8699
250.0557
250.4504
250.8684
251.0774
251.4489
251.6346
251.8204
252.0294
252.2151
252.4241
252.6099
252.8189
252.9814
253.1904
253.5851
253.9799
254.5604
254.7693
254.9319
255.1409
255.3266
255.5356
255.7446
255.9303
256.1161
256.3251
256.4876
256.6966
257.0681
257.4861
257.6718
257.8576
258.2756
258.4381
258.6471
259.0650
259.2508
259.4598
259.8545
260.2260
260.4118
260.6208
260.8065
260.9923
261.3638
261.7818
262.0140
262.1997
262.5945
262.9660
263.3607
264.1734
264.5682
264.9629
265.1719
265.3576
265.7292
266.1239
266.5186
267.1224
267.3081
267.5171
267.7029
267.8886
268.2834
268.4923
268.6781
268.8871
269.0728
269.2818
269.4676
269.6766
269.8623
270.0713
270.2338
270.4428
270.6518
270.8376
271.2555
271.6735
271.8592
272.0682
272.5094
273.0434
273.1595
273.5775
273.7168
273.8097
273.8794
274.1116
274.2044
274.7153
275.2726
275.5744
275.9692
276.0853
276.4103
276.6658
276.7586
276.8515
276.9444
277.1534
277.2695
277.3856
277.4785
277.5946
277.9661
278.0590
278.1983
278.3840
278.5930
278.7091
278.7788
278.9878
279.1967
279.5915
279.7076
279.8237
280.2184
280.4971
280.6132
280.7293
280.8221
281.2865
282.4707
282.8655
283.2602
283.3763
283.6550
283.7711
284.0729
284.1890
284.4677
284.5838
284.8160
285.0249
285.2571
285.4197
286.0698
286.6271
286.9290
287.0451
287.2773
287.7881
288.0203
288.6008
289.2974
289.4135
289.7386
290.0637
290.3655
291.0621
291.2015
291.4801
291.5730
292.0141
292.1070
292.2231
292.6875
292.8268
293.0823
293.2216
293.3377
293.8950
294.3129
294.7077
295.5436
295.9383
296.0776
296.4956
296.7510
296.8903
297.1922
297.6102
297.7263
297.8656
298.0049
298.2139
298.4461
298.5390
299.1891
299.5374
300.2805